FrameNo,head_x,head_y,head_z,left_shoulder_x,left_shoulder_y,left_shoulder_z,left_elbow_x,left_elbow_y,left_elbow_z,right_shoulder_x,right_shoulder_y,right_shoulder_z,right_elbow_x,right_elbow_y,right_elbow_z,left_hand_x,left_hand_y,left_hand_z,right_hand_x,right_hand_y,right_hand_z,left_hip_x,left_hip_y,left_hip_z,right_hip_x,right_hip_y,right_hip_z,left_knee_x,left_knee_y,left_knee_z,right_knee_x,right_knee_y,right_knee_z,left_foot_x,left_foot_y,left_foot_z,right_foot_x,right_foot_y,right_foot_z
15,0.050387,0.76782,0.01276,0.18973,0.54938,-0.003246,0.26956,0.78547,-0.088225,-0.10579,0.60515,-0.013824,-0.16351,0.83657,-0.11135,0.26611,1.0508,-0.17276,-0.16248,1.0693,-0.17456,0.065929,0.038356,-0.048116,-0.055659,0.043588,-0.03807,0.12303,-0.31904,-0.052957,-0.10959,-0.31287,-0.04147,0.17305,-0.86105,-0.012561,-0.18037,-0.89194,-0.025809
16,0.050879,0.76846,0.01191,0.18976,0.54959,-0.003566,0.26992,0.78756,-0.086059,-0.10577,0.60594,-0.014012,-0.16251,0.8448,-0.11013,0.26815,1.0512,-0.16867,-0.16278,1.0733,-0.17051,0.065769,0.038928,-0.048129,-0.055681,0.044351,-0.038072,0.12307,-0.31843,-0.052953,-0.10955,-0.31214,-0.041433,0.17317,-0.86036,-0.01255,-0.18161,-0.90081,-0.025787
17,0.051236,0.76902,0.011204,0.18976,0.54991,-0.003819,0.27019,0.78872,-0.084448,-0.10576,0.60643,-0.014152,-0.16169,0.85245,-0.1095,0.27,1.0514,-0.1655,-0.16292,1.0764,-0.16851,0.065607,0.039471,-0.048143,-0.055681,0.045088,-0.038072,0.12294,-0.31783,-0.052676,-0.10946,-0.31147,-0.041426,0.17437,-0.86877,-0.011819,-0.18263,-0.91018,-0.025872
18,0.051494,0.76944,0.010716,0.18969,0.55009,-0.003999,0.27047,0.78937,-0.083221,-0.10576,0.60646,-0.01418,-0.16103,0.85963,-0.10944,0.27159,1.0525,-0.16417,-0.16304,1.0831,-0.16674,0.065422,0.039871,-0.04779,-0.055664,0.045528,-0.037996,0.12288,-0.31741,-0.0526,-0.1093,-0.31107,-0.041446,0.17552,-0.87775,-0.011066,-0.18253,-0.90926,-0.026108
19,0.051665,0.77014,0.010034,0.1896,0.55029,-0.00432,0.27075,0.79027,-0.082493,-0.10583,0.60704,-0.014392,-0.16061,0.86676,-0.10941,0.27252,1.0521,-0.16384,-0.16331,1.0864,-0.16635,0.065293,0.040921,-0.047361,-0.055697,0.046566,-0.037597,0.1228,-0.31645,-0.052607,-0.10927,-0.31015,-0.04168,0.17673,-0.88695,-0.010884,-0.1814,-0.89876,-0.026218
20,0.051745,0.77019,0.009244,0.18951,0.55054,-0.004657,0.27098,0.79066,-0.082474,-0.10587,0.60752,-0.014638,-0.16061,0.86703,-0.10941,0.27252,1.0521,-0.16384,-0.1632,1.094,-0.16634,0.065208,0.041643,-0.046339,-0.055696,0.047503,-0.036806,0.12282,-0.31593,-0.052781,-0.10912,-0.30945,-0.041668,0.17697,-0.88611,-0.011688,-0.1814,-0.898,-0.026218
21,0.051815,0.77019,0.008406,0.18942,0.55059,-0.004997,0.271,0.79066,-0.082472,-0.10597,0.60788,-0.014895,-0.16061,0.86703,-0.10941,0.27252,1.0521,-0.16384,-0.16297,1.1015,-0.16632,0.065074,0.041818,-0.044739,-0.055523,0.048106,-0.035322,0.12277,-0.31589,-0.052784,-0.10884,-0.30908,-0.042204,0.17829,-0.89519,-0.011578,-0.18157,-0.89715,-0.02644
22,0.051903,0.77019,0.007349,0.18933,0.5506,-0.005322,0.271,0.79066,-0.082472,-0.10608,0.60798,-0.015212,-0.16055,0.86703,-0.11009,0.27254,1.0516,-0.16407,-0.16265,1.1074,-0.16629,0.064908,0.041818,-0.042754,-0.055298,0.048117,-0.033566,0.12299,-0.31589,-0.053086,-0.10863,-0.30908,-0.044633,0.1796,-0.90421,-0.011575,-0.18172,-0.89608,-0.026749
23,0.052015,0.77019,0.006014,0.18922,0.55043,-0.005651,0.27101,0.79066,-0.082536,-0.10623,0.60798,-0.015642,-0.16121,0.86703,-0.11112,0.27239,1.0515,-0.16616,-0.1627,1.1074,-0.1668,0.064795,0.041818,-0.039969,-0.055078,0.048117,-0.031616,0.1231,-0.31589,-0.054316,-0.10839,-0.30908,-0.047515,0.17985,-0.90421,-0.011688,-0.18186,-0.89508,-0.027102
24,0.052102,0.76952,0.004422,0.1891,0.5503,-0.005989,0.27107,0.7902,-0.083309,-0.10641,0.60798,-0.016161,-0.16194,0.86695,-0.11223,0.27202,1.0506,-0.16857,-0.16276,1.1074,-0.16814,0.064727,0.041818,-0.03596,-0.054845,0.048117,-0.02922,0.12321,-0.31589,-0.05562,-0.10812,-0.30908,-0.05076,0.18008,-0.90431,-0.011803,-0.18186,-0.89437,-0.027332
25,0.052015,0.76827,0.002181,0.18893,0.55025,-0.006374,0.27104,0.78897,-0.084723,-0.1066,0.60798,-0.016818,-0.16287,0.86529,-0.11378,0.27143,1.0489,-0.17118,-0.16285,1.1074,-0.17007,0.064627,0.041212,-0.030988,-0.054635,0.048117,-0.026399,0.12331,-0.31653,-0.05689,-0.10783,-0.30917,-0.054436,0.18033,-0.90431,-0.011911,-0.18205,-0.89313,-0.028361
26,0.051889,0.76643,-0.000488,0.18897,0.55019,-0.006773,0.27103,0.78717,-0.086806,-0.10679,0.60769,-0.017556,-0.16452,0.85586,-0.11588,0.2694,1.0449,-0.17559,-0.16254,1.0992,-0.17287,0.064715,0.040093,-0.025416,-0.054223,0.047551,-0.023226,0.12394,-0.31753,-0.058368,-0.10761,-0.30978,-0.058235,0.18065,-0.90333,-0.012886,-0.18331,-0.9036,-0.02921
27,0.051647,0.76383,-0.003664,0.189,0.54997,-0.007205,0.27092,0.7846,-0.089537,-0.10695,0.60588,-0.018761,-0.16633,0.84562,-0.11852,0.26733,1.0401,-0.18035,-0.16211,1.0909,-0.17614,0.064963,0.038397,-0.01931,-0.05373,0.046253,-0.019497,0.12477,-0.31905,-0.059985,-0.10743,-0.31102,-0.061912,0.181,-0.90234,-0.013938,-0.1836,-0.9036,-0.029767
28,0.051323,0.75966,-0.006687,0.18903,0.54958,-0.007488,0.27078,0.78121,-0.092827,-0.10703,0.60334,-0.019985,-0.16813,0.83407,-0.12152,0.26483,1.035,-0.18551,-0.16154,1.0826,-0.17985,0.065575,0.035954,-0.012955,-0.052938,0.044075,-0.015467,0.12592,-0.32125,-0.061579,-0.10732,-0.31301,-0.065596,0.18147,-0.90188,-0.014982,-0.18356,-0.9029,-0.030271
29,0.050988,0.75396,-0.00953,0.18915,0.54815,-0.008005,0.27069,0.77709,-0.096595,-0.10684,0.59673,-0.023122,-0.16991,0.82154,-0.12486,0.2622,1.0295,-0.19099,-0.16084,1.0742,-0.18406,0.066414,0.032604,-0.006551,-0.052144,0.040939,-0.011202,0.12741,-0.32422,-0.063263,-0.10735,-0.31582,-0.069066,0.18188,-0.90139,-0.016045,-0.18357,-0.90226,-0.030684
30,0.050711,0.74703,-0.012742,0.18932,0.54665,-0.008501,0.27064,0.77189,-0.10093,-0.1067,0.59,-0.026377,-0.17168,0.80803,-0.12865,0.25938,1.0241,-0.19652,-0.16039,1.0613,-0.18938,0.067434,0.028839,-0.000413,-0.051444,0.037427,-0.007172,0.12912,-0.32752,-0.064909,-0.1075,-0.31892,-0.072379,0.18228,-0.90087,-0.017085,-0.18353,-0.90195,-0.031044
31,0.050395,0.73843,-0.016117,0.18931,0.54323,-0.009564,0.27064,0.76516,-0.10568,-0.10643,0.58155,-0.029635,-0.17349,0.79292,-0.13281,0.25667,1.0177,-0.20238,-0.15994,1.0505,-0.19461,0.068636,0.023361,0.005627,-0.051002,0.032142,-0.002926,0.1311,-0.33231,-0.066469,-0.10812,-0.32357,-0.073923,0.1825,-0.90089,-0.017409,-0.18388,-0.90195,-0.031346
32,0.050128,0.72875,-0.019548,0.1894,0.5389,-0.0109,0.27071,0.75794,-0.11081,-0.10616,0.56964,-0.033272,-0.17442,0.78336,-0.13726,0.25454,1.0074,-0.20693,-0.1593,1.0397,-0.20005,0.069621,0.016942,0.011265,-0.050899,0.0255,0.001592,0.13329,-0.33784,-0.06721,-0.10891,-0.32925,-0.075041,0.18265,-0.90091,-0.017518,-0.18415,-0.90195,-0.031635
33,0.049884,0.71784,-0.023182,0.18951,0.53336,-0.012588,0.27092,0.75039,-0.11649,-0.10591,0.5577,-0.036924,-0.1755,0.77289,-0.14227,0.25234,0.99487,-0.21162,-0.15915,1.0281,-0.20584,0.070562,0.010079,0.015974,-0.050774,0.018271,0.005882,0.13574,-0.34363,-0.068366,-0.10971,-0.33542,-0.076086,0.18271,-0.90092,-0.017673,-0.18412,-0.902,-0.032063
34,0.049709,0.70526,-0.026237,0.18959,0.52243,-0.015028,0.27123,0.74193,-0.12234,-0.10568,0.54119,-0.040917,-0.17655,0.76187,-0.14706,0.24993,0.98556,-0.21632,-0.15881,1.017,-0.21141,0.071707,0.000924,0.019695,-0.050641,0.008704,0.009934,0.13834,-0.35156,-0.070139,-0.11088,-0.3438,-0.077429,0.18275,-0.9011,-0.018242,-0.18404,-0.90269,-0.032973
35,0.04956,0.6914,-0.029235,0.18969,0.51107,-0.017657,0.27154,0.73371,-0.12859,-0.10548,0.52437,-0.04493,-0.17767,0.75129,-0.15197,0.24788,0.97156,-0.22186,-0.15898,1.014,-0.21532,0.072582,-0.009213,0.022824,-0.050943,-0.001825,0.013541,0.14086,-0.36032,-0.072285,-0.11222,-0.35311,-0.079312,0.18281,-0.90156,-0.01891,-0.18396,-0.9034,-0.03389
36,0.049389,0.67711,-0.032215,0.18979,0.49979,-0.020262,0.27144,0.72547,-0.13527,-0.10531,0.5087,-0.048544,-0.17887,0.73971,-0.15697,0.24574,0.95845,-0.22733,-0.15926,1.001,-0.22001,0.073071,-0.019352,0.025337,-0.05119,-0.012316,0.016498,0.14324,-0.36907,-0.074822,-0.11356,-0.36228,-0.081819,0.18291,-0.9024,-0.020161,-0.18383,-0.90394,-0.034783
37,0.04909,0.66217,-0.035331,0.18988,0.48541,-0.023534,0.2713,0.71155,-0.14168,-0.10527,0.49098,-0.052537,-0.18007,0.72807,-0.1618,0.24324,0.94534,-0.23245,-0.15988,0.98765,-0.22568,0.072881,-0.031509,0.028068,-0.05145,-0.024899,0.019607,0.14572,-0.37938,-0.078158,-0.11537,-0.37307,-0.085023,0.18303,-0.90325,-0.021689,-0.1837,-0.9047,-0.035361
38,0.048668,0.64719,-0.038776,0.18987,0.47097,-0.026696,0.27104,0.69525,-0.1476,-0.10542,0.47555,-0.054895,-0.18133,0.71312,-0.16633,0.23983,0.92769,-0.23727,-0.16078,0.97347,-0.23211,0.072698,-0.043868,0.030253,-0.05172,-0.037558,0.022046,0.14802,-0.38982,-0.081836,-0.11728,-0.38383,-0.08907,0.18311,-0.90408,-0.023228,-0.18349,-0.90546,-0.036197
39,0.048081,0.63196,-0.042346,0.18982,0.4559,-0.02999,0.2707,0.67914,-0.15354,-0.10576,0.45946,-0.057243,-0.18262,0.6973,-0.17049,0.23676,0.90968,-0.24226,-0.16274,0.95206,-0.2382,0.072539,-0.056924,0.032155,-0.052179,-0.050833,0.023926,0.15031,-0.40058,-0.086408,-0.1194,-0.39502,-0.093814,0.18315,-0.90469,-0.024505,-0.18319,-0.90612,-0.037041
40,0.047475,0.61644,-0.045885,0.18967,0.44004,-0.033201,0.2703,0.6639,-0.15899,-0.10634,0.44289,-0.06003,-0.18397,0.68136,-0.17461,0.23369,0.89205,-0.2482,-0.16483,0.92952,-0.24384,0.072404,-0.07041,0.033777,-0.053324,-0.064382,0.0256,0.15243,-0.41149,-0.091467,-0.12168,-0.40639,-0.099134,0.183,-0.90546,-0.02577,-0.18266,-0.90711,-0.037871
41,0.046827,0.60085,-0.049484,0.18892,0.42328,-0.036793,0.26986,0.64643,-0.16476,-0.10704,0.42796,-0.062917,-0.18505,0.66536,-0.17892,0.23134,0.87779,-0.25468,-0.16676,0.9059,-0.24904,0.071728,-0.08433,0.03498,-0.054966,-0.078062,0.026703,0.15451,-0.42008,-0.097032,-0.12423,-0.41449,-0.10543,0.18286,-0.90563,-0.027073,-0.18193,-0.90781,-0.039577
42,0.046119,0.58556,-0.053212,0.18799,0.40656,-0.040411,0.2693,0.62862,-0.16986,-0.10778,0.4132,-0.065714,-0.18601,0.64895,-0.18313,0.22903,0.86332,-0.26271,-0.16856,0.88069,-0.2543,0.070733,-0.098453,0.035907,-0.056662,-0.092028,0.027629,0.15635,-0.42816,-0.10259,-0.12696,-0.42183,-0.1119,0.18251,-0.9059,-0.028128,-0.18124,-0.90863,-0.040817
43,0.045219,0.57051,-0.057491,0.18688,0.39329,-0.043852,0.26855,0.61042,-0.17524,-0.10844,0.39977,-0.069084,-0.1868,0.6322,-0.1879,0.22669,0.84913,-0.27101,-0.17018,0.85659,-0.25988,0.069199,-0.11208,0.040231,-0.058392,-0.10573,0.03139,0.15797,-0.43396,-0.10771,-0.12941,-0.42676,-0.11797,0.18222,-0.9059,-0.029038,-0.18029,-0.90892,-0.041504
44,0.043833,0.55397,-0.061519,0.18549,0.37362,-0.048236,0.26778,0.59107,-0.18071,-0.10913,0.38229,-0.07299,-0.18741,0.61256,-0.19221,0.22531,0.83059,-0.2774,-0.17142,0.83337,-0.2669,0.06702,-0.13086,0.04917,-0.060418,-0.12449,0.040191,0.16001,-0.43904,-0.11584,-0.13191,-0.43167,-0.12779,0.18194,-0.9059,-0.029882,-0.17916,-0.9098,-0.041642
45,0.042395,0.53765,-0.065522,0.1841,0.35385,-0.052631,0.26729,0.57134,-0.18635,-0.10983,0.36495,-0.076895,-0.18763,0.5939,-0.1962,0.22406,0.81209,-0.28414,-0.17163,0.81992,-0.27359,0.064836,-0.14945,0.058151,-0.06243,-0.14293,0.049021,0.16192,-0.44472,-0.12388,-0.13435,-0.43614,-0.13707,0.1814,-0.9059,-0.030267,-0.1776,-0.91067,-0.042046
46,0.040848,0.51929,-0.06952,0.18243,0.33452,-0.057123,0.26644,0.55593,-0.19249,-0.11017,0.34786,-0.081264,-0.18783,0.57497,-0.2004,0.22227,0.79678,-0.29178,-0.17265,0.80601,-0.27982,0.062421,-0.16716,0.066249,-0.06428,-0.16008,0.05732,0.16335,-0.44846,-0.13131,-0.13623,-0.43907,-0.14569,0.18084,-0.90504,-0.030313,-0.17584,-0.91132,-0.042286
47,0.039352,0.50001,-0.074204,0.18074,0.31531,-0.061951,0.26511,0.54254,-0.19958,-0.11055,0.33004,-0.085982,-0.1878,0.55856,-0.20556,0.2228,0.78323,-0.30153,-0.17297,0.79387,-0.28573,0.059998,-0.1851,0.074186,-0.065759,-0.17783,0.06536,0.16445,-0.45174,-0.13874,-0.13792,-0.4423,-0.15406,0.18022,-0.90418,-0.030365,-0.17411,-0.91191,-0.042203
48,0.037751,0.48003,-0.078696,0.17892,0.29489,-0.067228,0.26322,0.52814,-0.20679,-0.11082,0.31153,-0.091165,-0.18766,0.54136,-0.21142,0.22255,0.77037,-0.31152,-0.17281,0.78558,-0.29234,0.057732,-0.2033,0.082155,-0.067274,-0.19587,0.073124,0.16531,-0.45509,-0.14593,-0.13928,-0.44569,-0.16216,0.17954,-0.90393,-0.030341,-0.17219,-0.91246,-0.042043
49,0.03616,0.46111,-0.083678,0.17711,0.27589,-0.072231,0.26242,0.51264,-0.2151,-0.11089,0.29461,-0.095942,-0.18761,0.52408,-0.21777,0.22225,0.75778,-0.32092,-0.17183,0.77132,-0.30091,0.055702,-0.22136,0.090114,-0.068454,-0.21366,0.080885,0.16591,-0.45856,-0.15313,-0.14015,-0.44941,-0.17017,0.17862,-0.90372,-0.029977,-0.17037,-0.91326,-0.042748
50,0.034518,0.44366,-0.089416,0.17548,0.25805,-0.076781,0.26173,0.49911,-0.22335,-0.11089,0.27913,-0.10031,-0.18759,0.50466,-0.22459,0.22211,0.73691,-0.33071,-0.1711,0.75802,-0.30975,0.054018,-0.23872,0.098117,-0.069319,-0.23091,0.08873,0.16651,-0.46237,-0.16035,-0.14047,-0.45336,-0.17753,0.1776,-0.90345,-0.029638,-0.16829,-0.91404,-0.043415
51,0.032778,0.42627,-0.095254,0.17372,0.23718,-0.082063,0.26108,0.48344,-0.2312,-0.1115,0.25923,-0.1064,-0.18761,0.4857,-0.23149,0.22356,0.71867,-0.33883,-0.16919,0.74515,-0.31871,0.052468,-0.25634,0.10598,-0.070179,-0.24857,0.096214,0.1671,-0.46581,-0.16742,-0.14041,-0.45711,-0.18477,0.17636,-0.90318,-0.029741,-0.16617,-0.91487,-0.043238
52,0.031123,0.4088,-0.10117,0.17217,0.21756,-0.087108,0.26074,0.46378,-0.23933,-0.11216,0.24189,-0.11183,-0.18753,0.46749,-0.23885,0.22356,0.69933,-0.34803,-0.16708,0.73162,-0.32876,0.051074,-0.27313,0.11077,-0.070787,-0.2653,0.10096,0.16766,-0.46914,-0.17479,-0.14027,-0.45977,-0.19221,0.17517,-0.90289,-0.029841,-0.16435,-0.91593,-0.043086
53,0.029898,0.39319,-0.10767,0.17068,0.20358,-0.0916,0.26041,0.44493,-0.24676,-0.11289,0.22706,-0.11731,-0.18722,0.45176,-0.24737,0.22395,0.68297,-0.35838,-0.16518,0.71723,-0.33843,0.050137,-0.28441,0.1111,-0.071045,-0.27669,0.10109,0.16767,-0.47147,-0.17882,-0.14012,-0.46205,-0.19567,0.17374,-0.90289,-0.029803,-0.16282,-0.91647,-0.041963
54,0.028863,0.37698,-0.11438,0.1692,0.18934,-0.096178,0.25984,0.42562,-0.25397,-0.11369,0.21247,-0.12273,-0.18671,0.43551,-0.25663,0.22484,0.66576,-0.36906,-0.16312,0.7031,-0.34832,0.049145,-0.2961,0.11132,-0.071108,-0.28847,0.10118,0.16747,-0.47304,-0.18282,-0.13998,-0.46355,-0.19916,0.17261,-0.90289,-0.029923,-0.1616,-0.91717,-0.0408
55,0.02813,0.36394,-0.12144,0.16798,0.17544,-0.10106,0.25993,0.40708,-0.26142,-0.11433,0.19716,-0.12827,-0.18591,0.41941,-0.26621,0.22598,0.64802,-0.37965,-0.16069,0.68763,-0.35922,0.048125,-0.3078,0.11143,-0.0716,-0.30047,0.10114,0.16725,-0.47407,-0.18666,-0.13986,-0.46504,-0.20259,0.17147,-0.90289,-0.029993,-0.16089,-0.91763,-0.039665
56,0.027529,0.35169,-0.1283,0.16687,0.16242,-0.10546,0.2602,0.38841,-0.26917,-0.11523,0.18373,-0.13337,-0.18562,0.40324,-0.27555,0.22669,0.62615,-0.38909,-0.15809,0.67097,-0.36982,0.047046,-0.31858,0.11109,-0.072434,-0.31174,0.10068,0.16652,-0.47809,-0.19017,-0.13961,-0.47,-0.20588,0.17031,-0.90357,-0.030227,-0.16034,-0.91818,-0.038915
57,0.027089,0.33997,-0.13555,0.1658,0.14577,-0.11039,0.26017,0.36943,-0.27681,-0.1159,0.16876,-0.13894,-0.1852,0.38842,-0.28514,0.22696,0.59875,-0.39774,-0.15651,0.65553,-0.38103,0.045997,-0.3304,0.11061,-0.073244,-0.32344,0.10009,0.16592,-0.48123,-0.19296,-0.13936,-0.47512,-0.20908,0.16917,-0.90429,-0.030754,-0.15998,-0.91875,-0.038241
58,0.026716,0.32692,-0.14239,0.16476,0.12982,-0.11513,0.26021,0.35061,-0.28445,-0.1167,0.15382,-0.14442,-0.18487,0.37378,-0.29453,0.22704,0.57138,-0.40567,-0.15492,0.64262,-0.39209,0.044762,-0.34198,0.11009,-0.074045,-0.33475,0.099632,0.16536,-0.48408,-0.19516,-0.13925,-0.47976,-0.21202,0.16801,-0.90553,-0.030805,-0.15922,-0.91968,-0.038238
59,0.026412,0.3132,-0.14843,0.16367,0.11433,-0.11974,0.26045,0.33195,-0.29203,-0.11753,0.13934,-0.14977,-0.18427,0.36125,-0.30381,0.22769,0.55288,-0.4134,-0.1536,0.62963,-0.40319,0.043653,-0.35337,0.10959,-0.074718,-0.34574,0.099165,0.16507,-0.48628,-0.19673,-0.13944,-0.48389,-0.21473,0.16694,-0.90678,-0.03081,-0.1584,-0.92027,-0.038124
60,0.026306,0.29975,-0.15442,0.16291,0.10121,-0.12398,0.26217,0.31506,-0.30011,-0.11791,0.12368,-0.15462,-0.18363,0.34808,-0.31348,0.22844,0.53456,-0.42239,-0.15267,0.61001,-0.41392,0.04251,-0.36462,0.10914,-0.075425,-0.35707,0.098771,0.16501,-0.48791,-0.19841,-0.13985,-0.48768,-0.21724,0.16617,-0.90678,-0.030288,-0.15765,-0.92009,-0.036976
61,0.026317,0.28617,-0.16037,0.16218,0.087273,-0.12831,0.26332,0.30182,-0.30826,-0.11833,0.10874,-0.15921,-0.18296,0.33531,-0.32307,0.22922,0.51709,-0.4317,-0.15162,0.59148,-0.42343,0.041452,-0.37533,0.10868,-0.076387,-0.36768,0.098228,0.16512,-0.4892,-0.1997,-0.14064,-0.49098,-0.21962,0.1654,-0.90678,-0.030056,-0.15664,-0.92009,-0.035915
62,0.026376,0.27167,-0.16637,0.16168,0.072377,-0.13278,0.26414,0.28627,-0.31715,-0.11873,0.094155,-0.16385,-0.18241,0.32149,-0.33296,0.22918,0.5004,-0.44128,-0.15079,0.57214,-0.43341,0.040548,-0.38638,0.10837,-0.077233,-0.37848,0.097728,0.16522,-0.49063,-0.20089,-0.14183,-0.49368,-0.22253,0.16474,-0.90678,-0.029648,-0.15544,-0.92024,-0.035022
63,0.026289,0.25858,-0.17208,0.16122,0.057928,-0.13729,0.2649,0.27098,-0.32628,-0.11932,0.079456,-0.16887,-0.18211,0.30745,-0.34232,0.22899,0.48462,-0.45123,-0.14994,0.55278,-0.4436,0.039812,-0.39695,0.10794,-0.078061,-0.38906,0.097233,0.16532,-0.49198,-0.20206,-0.14308,-0.49629,-0.22541,0.164,-0.90618,-0.02971,-0.15397,-0.92024,-0.033746
64,0.026159,0.24557,-0.17749,0.16084,0.044925,-0.14102,0.26494,0.25614,-0.33442,-0.11976,0.066686,-0.17288,-0.1821,0.29311,-0.35088,0.22883,0.46871,-0.46071,-0.14917,0.53502,-0.45277,0.039352,-0.40626,0.10754,-0.078411,-0.39813,0.096706,0.16546,-0.49327,-0.20324,-0.14445,-0.49878,-0.2281,0.16326,-0.90558,-0.029771,-0.15238,-0.91931,-0.033613
65,0.025869,0.23305,-0.18218,0.16031,0.030637,-0.14481,0.26478,0.24201,-0.34141,-0.12005,0.053938,-0.17688,-0.18223,0.27925,-0.35866,0.22834,0.45638,-0.46966,-0.14859,0.51718,-0.46191,0.039035,-0.41617,0.10701,-0.078851,-0.40733,0.096095,0.16575,-0.49451,-0.20442,-0.14569,-0.50122,-0.23057,0.16259,-0.90504,-0.029744,-0.15072,-0.9184,-0.033474
66,0.025488,0.22103,-0.18652,0.15987,0.020934,-0.14777,0.26435,0.22899,-0.34822,-0.12017,0.04308,-0.18037,-0.18246,0.26549,-0.36598,0.22774,0.44642,-0.47994,-0.1487,0.49933,-0.47097,0.038599,-0.4245,0.10678,-0.079242,-0.4157,0.095699,0.16622,-0.49564,-0.20566,-0.14673,-0.50359,-0.23304,0.16185,-0.90458,-0.029049,-0.14993,-0.91843,-0.034472
67,0.024964,0.2097,-0.19068,0.15925,0.01025,-0.15087,0.26408,0.2158,-0.35413,-0.12029,0.031277,-0.1842,-0.1829,0.25169,-0.37328,0.22732,0.43376,-0.4902,-0.14944,0.48445,-0.47897,0.038198,-0.43284,0.10635,-0.079668,-0.42432,0.095267,0.16683,-0.49667,-0.20692,-0.14748,-0.50577,-0.23546,0.16134,-0.90423,-0.028658,-0.14869,-0.91776,-0.03519
68,0.024315,0.19786,-0.19468,0.15855,-0.001153,-0.15413,0.26373,0.20236,-0.35964,-0.1203,0.018417,-0.18849,-0.18363,0.23781,-0.38024,0.2263,0.42147,-0.4997,-0.15043,0.46927,-0.48724,0.037767,-0.44122,0.1063,-0.080112,-0.4331,0.09499,0.16761,-0.4979,-0.20825,-0.14781,-0.50786,-0.238,0.16086,-0.90366,-0.028281,-0.1472,-0.91727,-0.034486
69,0.023444,0.18614,-0.19814,0.15762,-0.011952,-0.15688,0.2635,0.18787,-0.36576,-0.12024,0.010089,-0.19163,-0.18475,0.22416,-0.38693,0.22452,0.40946,-0.50823,-0.15086,0.46087,-0.49602,0.037304,-0.44971,0.10626,-0.080799,-0.441,0.094805,0.16828,-0.49912,-0.2093,-0.14779,-0.50996,-0.24052,0.16041,-0.90317,-0.028004,-0.14635,-0.91727,-0.037162
70,0.022503,0.17505,-0.20107,0.15664,-0.02171,-0.15932,0.26307,0.17444,-0.37124,-0.11999,0.001898,-0.19467,-0.18608,0.20995,-0.39296,0.22257,0.39678,-0.5163,-0.15138,0.45257,-0.50462,0.03676,-0.45776,0.10621,-0.081686,-0.44846,0.094731,0.169,-0.50056,-0.21035,-0.14758,-0.51186,-0.24297,0.16001,-0.90258,-0.027768,-0.14562,-0.91651,-0.039543
71,0.021533,0.16441,-0.20341,0.1556,-0.030017,-0.16105,0.26248,0.16232,-0.37585,-0.11979,-0.007752,-0.19698,-0.18746,0.19675,-0.39784,0.22091,0.38163,-0.52269,-0.1522,0.44108,-0.51447,0.036492,-0.46524,0.10619,-0.082674,-0.45625,0.094649,0.1697,-0.50186,-0.21142,-0.14743,-0.51384,-0.24486,0.15967,-0.90262,-0.027796,-0.14507,-0.91603,-0.040764
72,0.020738,0.15284,-0.20527,0.15452,-0.038697,-0.16256,0.26158,0.15111,-0.37951,-0.11955,-0.017445,-0.19893,-0.18875,0.18359,-0.4026,0.21928,0.36617,-0.52827,-0.15316,0.42953,-0.52318,0.036396,-0.47311,0.10628,-0.083406,-0.46395,0.094587,0.17032,-0.50326,-0.2124,-0.14728,-0.51589,-0.24662,0.15945,-0.90285,-0.027678,-0.14444,-0.9154,-0.041976
73,0.019998,0.13989,-0.20681,0.15355,-0.049835,-0.16382,0.25982,0.13635,-0.38351,-0.1194,-0.027778,-0.20038,-0.18996,0.17015,-0.40651,0.21738,0.35033,-0.53419,-0.15408,0.41861,-0.53109,0.036418,-0.48174,0.10733,-0.084141,-0.47266,0.095045,0.17097,-0.50459,-0.21314,-0.14693,-0.51764,-0.24823,0.15931,-0.90274,-0.027253,-0.14426,-0.91422,-0.041281
74,0.019219,0.12717,-0.20812,0.15274,-0.059796,-0.16495,0.2582,0.1216,-0.38772,-0.11914,-0.037556,-0.20163,-0.19104,0.15632,-0.41032,0.21523,0.33382,-0.54075,-0.15594,0.40012,-0.53856,0.036182,-0.48986,0.10836,-0.085158,-0.48079,0.095491,0.17164,-0.50543,-0.21366,-0.14601,-0.51906,-0.24942,0.15931,-0.90274,-0.027253,-0.14399,-0.91377,-0.042288
75,0.018579,0.11411,-0.20886,0.15196,-0.06892,-0.16547,0.25682,0.10693,-0.39157,-0.11878,-0.046217,-0.20189,-0.19209,0.14207,-0.41353,0.21339,0.31959,-0.54636,-0.15757,0.38257,-0.54497,0.036069,-0.49799,0.10971,-0.086183,-0.4887,0.096108,0.17241,-0.50696,-0.21385,-0.14503,-0.52073,-0.25022,0.15935,-0.90402,-0.027663,-0.14386,-0.91393,-0.044852
76,0.018011,0.10137,-0.20921,0.15133,-0.079568,-0.16583,0.25601,0.092463,-0.39514,-0.11878,-0.058669,-0.20189,-0.19302,0.12613,-0.41595,0.21201,0.30707,-0.55225,-0.15905,0.36613,-0.55061,0.035897,-0.50619,0.11177,-0.087105,-0.4973,0.097358,0.17335,-0.50841,-0.21377,-0.14403,-0.52226,-0.25067,0.15941,-0.90582,-0.028724,-0.14368,-0.91511,-0.04613
77,0.017502,0.088935,-0.20926,0.15084,-0.090302,-0.16587,0.25511,0.078254,-0.39832,-0.11878,-0.07022,-0.20189,-0.19373,0.11109,-0.41772,0.21122,0.29339,-0.55831,-0.16046,0.34977,-0.55563,0.035701,-0.5143,0.11411,-0.088023,-0.50575,0.09879,0.17447,-0.5096,-0.21367,-0.14313,-0.52359,-0.25059,0.15932,-0.90707,-0.028731,-0.14387,-0.91589,-0.048221
78,0.017092,0.076796,-0.20929,0.1505,-0.10083,-0.16589,0.25443,0.065696,-0.40029,-0.11878,-0.081811,-0.20189,-0.19433,0.096674,-0.41876,0.21104,0.27875,-0.56434,-0.16169,0.33385,-0.55988,0.035488,-0.52161,0.11666,-0.088687,-0.51399,0.10062,0.17573,-0.51058,-0.21357,-0.14233,-0.52473,-0.25053,0.15949,-0.90954,-0.029829,-0.14409,-0.9165,-0.049607
79,0.016741,0.065167,-0.20932,0.15025,-0.11117,-0.16592,0.25357,0.052219,-0.40132,-0.11886,-0.094028,-0.20167,-0.19479,0.082793,-0.41919,0.21145,0.2637,-0.56921,-0.16271,0.31488,-0.56488,0.035285,-0.52892,0.11937,-0.089121,-0.5225,0.10254,0.17706,-0.5116,-0.21343,-0.14171,-0.52603,-0.25047,0.1596,-0.9114,-0.02982,-0.14443,-0.91709,-0.05063
80,0.016361,0.054619,-0.20927,0.15007,-0.12082,-0.16591,0.25291,0.040169,-0.40179,-0.11921,-0.10336,-0.20081,-0.19509,0.069679,-0.41921,0.21183,0.25156,-0.57386,-0.16351,0.30073,-0.56692,0.035083,-0.53566,0.12209,-0.08929,-0.52971,0.10453,0.17866,-0.51245,-0.2127,-0.14128,-0.52723,-0.25028,0.15967,-0.91308,-0.029815,-0.14494,-0.91761,-0.051122
81,0.015972,0.044732,-0.20898,0.14987,-0.13112,-0.16522,0.25251,0.027523,-0.40182,-0.11979,-0.11364,-0.19934,-0.19525,0.057481,-0.41923,0.21218,0.23946,-0.57795,-0.16429,0.28642,-0.56892,0.035372,-0.54246,0.12536,-0.089506,-0.53739,0.10711,0.18046,-0.51324,-0.21147,-0.14106,-0.52825,-0.24989,0.15998,-0.91595,-0.032178,-0.14509,-0.9185,-0.051298
82,0.015573,0.036718,-0.20835,0.14966,-0.13794,-0.16437,0.25234,0.019098,-0.40184,-0.12025,-0.12202,-0.19789,-0.19539,0.046839,-0.41924,0.21272,0.22811,-0.58068,-0.16501,0.27196,-0.57097,0.035811,-0.54802,0.12792,-0.089686,-0.5438,0.10927,0.18255,-0.51389,-0.20962,-0.14095,-0.52925,-0.24907,0.16019,-0.91689,-0.031642,-0.14521,-0.91933,-0.05155
83,0.015371,0.029346,-0.20732,0.14951,-0.1452,-0.16291,0.25228,0.011384,-0.40112,-0.12072,-0.13098,-0.19601,-0.19551,0.037573,-0.41902,0.21316,0.21796,-0.58132,-0.16489,0.26604,-0.57263,0.036301,-0.55349,0.13085,-0.08979,-0.5503,0.1121,0.18483,-0.51444,-0.20709,-0.14095,-0.53025,-0.24772,0.1605,-0.91704,-0.031008,-0.1455,-0.92098,-0.053587
84,0.01533,0.023567,-0.20619,0.14942,-0.1519,-0.16147,0.25219,0.005277,-0.40007,-0.12101,-0.1399,-0.19411,-0.19557,0.030242,-0.41829,0.2139,0.20977,-0.58126,-0.16481,0.26117,-0.57353,0.036779,-0.55788,0.13374,-0.089866,-0.55598,0.11476,0.18725,-0.51487,-0.20404,-0.14102,-0.53112,-0.2462,0.16087,-0.91704,-0.029775,-0.14607,-0.91993,-0.052278
85,0.015004,0.019265,-0.20493,0.14931,-0.15533,-0.16006,0.25278,0.001477,-0.39958,-0.12127,-0.14354,-0.19246,-0.1956,0.026579,-0.41797,0.21531,0.20504,-0.58114,-0.1648,0.25705,-0.5737,0.037201,-0.56084,0.13623,-0.089902,-0.55955,0.11712,0.18966,-0.51509,-0.20059,-0.14109,-0.53188,-0.2445,0.16145,-0.91704,-0.028163,-0.14594,-0.92062,-0.05189
86,0.01483,0.018814,-0.20346,0.14915,-0.15533,-0.15814,0.25336,0.001477,-0.39824,-0.12145,-0.14431,-0.19021,-0.19561,0.026579,-0.41752,0.2176,0.20504,-0.58095,-0.16462,0.25611,-0.57368,0.037659,-0.56151,0.13884,-0.089762,-0.56075,0.11966,0.19198,-0.51509,-0.19703,-0.14119,-0.53216,-0.24269,0.16182,-0.91509,-0.024643,-0.14635,-0.92097,-0.05185
87,0.014684,0.018814,-0.20172,0.14897,-0.15533,-0.15609,0.25402,0.001477,-0.39552,-0.12117,-0.14431,-0.18799,-0.19567,0.026579,-0.41673,0.21983,0.20504,-0.58061,-0.16444,0.25611,-0.57367,0.038156,-0.56151,0.14146,-0.08949,-0.56075,0.12228,0.19425,-0.51509,-0.19342,-0.14123,-0.53228,-0.24085,0.16239,-0.91498,-0.023598,-0.14635,-0.92097,-0.05185
88,0.014488,0.018814,-0.19937,0.14879,-0.15533,-0.15343,0.25442,0.001477,-0.39183,-0.12138,-0.14431,-0.18552,-0.19554,0.026579,-0.4153,0.22183,0.20504,-0.57885,-0.16423,0.25611,-0.57365,0.038702,-0.56151,0.14433,-0.089028,-0.56075,0.12521,0.19645,-0.51509,-0.18972,-0.1412,-0.53228,-0.23892,0.163,-0.91494,-0.022966,-0.14663,-0.92097,-0.051282
89,0.014188,0.018814,-0.19579,0.14851,-0.15504,-0.1496,0.25518,0.001745,-0.38655,-0.12175,-0.14431,-0.18239,-0.19504,0.027281,-0.41247,0.2237,0.20553,-0.57515,-0.16393,0.25611,-0.57216,0.039049,-0.56151,0.1477,-0.088414,-0.56075,0.12893,0.1984,-0.51469,-0.18595,-0.14104,-0.53228,-0.23696,0.16345,-0.91398,-0.021275,-0.14662,-0.92251,-0.05232
90,0.014073,0.021992,-0.19172,0.14839,-0.15157,-0.14594,0.25722,0.005149,-0.38097,-0.1217,-0.14106,-0.1795,-0.19431,0.030892,-0.40918,0.22567,0.20933,-0.57018,-0.16347,0.25921,-0.56996,0.039215,-0.56015,0.15084,-0.087731,-0.55938,0.13248,0.20009,-0.51391,-0.18222,-0.14086,-0.53228,-0.23492,0.16426,-0.91172,-0.019353,-0.14697,-0.92105,-0.049921
91,0.014219,0.028232,-0.18735,0.14832,-0.14732,-0.14222,0.25932,0.012179,-0.37483,-0.12155,-0.13637,-0.17649,-0.19343,0.039095,-0.40567,0.22776,0.21677,-0.5641,-0.16277,0.26779,-0.56565,0.039411,-0.55656,0.15413,-0.086966,-0.55537,0.13633,0.20145,-0.5126,-0.17875,-0.14053,-0.53183,-0.23297,0.16546,-0.9099,-0.019252,-0.14724,-0.92096,-0.049434
92,0.014466,0.038081,-0.18251,0.14854,-0.13839,-0.1375,0.26163,0.02257,-0.3687,-0.12116,-0.12777,-0.17283,-0.19252,0.049868,-0.40204,0.22999,0.2275,-0.55671,-0.16202,0.27856,-0.56067,0.039378,-0.55057,0.15709,-0.086232,-0.5491,0.13968,0.20252,-0.51087,-0.17558,-0.14007,-0.53075,-0.23107,0.16684,-0.90866,-0.019876,-0.14758,-0.91945,-0.047416
93,0.014755,0.050525,-0.1771,0.14886,-0.12677,-0.13253,0.26379,0.036107,-0.36239,-0.12075,-0.1165,-0.16886,-0.19154,0.064235,-0.39762,0.23209,0.24373,-0.5491,-0.16137,0.29056,-0.55463,0.039136,-0.54205,0.15999,-0.0856,-0.54036,0.143,0.20317,-0.50872,-0.17264,-0.1395,-0.52939,-0.22904,0.16789,-0.90679,-0.019788,-0.14773,-0.91919,-0.045653
94,0.015109,0.065723,-0.17115,0.14938,-0.11351,-0.12722,0.26596,0.052488,-0.35515,-0.12031,-0.10391,-0.16415,-0.1906,0.080753,-0.3923,0.23423,0.2608,-0.54089,-0.16027,0.31018,-0.54734,0.038889,-0.53219,0.16295,-0.085215,-0.53043,0.14637,0.20357,-0.50632,-0.17012,-0.1388,-0.52782,-0.22715,0.1687,-0.90542,-0.02015,-0.14812,-0.91883,-0.043927
95,0.015754,0.084054,-0.16479,0.14987,-0.097289,-0.12198,0.26693,0.072542,-0.34723,-0.12,-0.088326,-0.15952,-0.18947,0.10032,-0.38629,0.23621,0.28447,-0.53272,-0.15925,0.32993,-0.53994,0.03866,-0.52002,0.16569,-0.08503,-0.51784,0.14935,0.2037,-0.50376,-0.16751,-0.13801,-0.52596,-0.22545,0.16971,-0.90383,-0.020648,-0.14865,-0.91832,-0.04223
96,0.01664,0.1049,-0.15819,0.15039,-0.079009,-0.11649,0.2688,0.093416,-0.3394,-0.11965,-0.070804,-0.15469,-0.18809,0.12217,-0.37963,0.23831,0.30827,-0.52416,-0.15852,0.35275,-0.53124,0.038453,-0.50642,0.16786,-0.08483,-0.50383,0.15174,0.20355,-0.50085,-0.16487,-0.13728,-0.52378,-0.22366,0.17078,-0.90201,-0.020558,-0.14921,-0.91725,-0.040293
97,0.017542,0.12744,-0.15167,0.15115,-0.061153,-0.11158,0.27034,0.11596,-0.33037,-0.11935,-0.052114,-0.15026,-0.18683,0.14605,-0.37279,0.24062,0.33314,-0.51433,-0.15764,0.3771,-0.52232,0.038154,-0.49143,0.1693,-0.084606,-0.48816,0.15349,0.20334,-0.4976,-0.16233,-0.13659,-0.52077,-0.2216,0.1721,-0.89991,-0.021869,-0.14982,-0.91616,-0.038389
98,0.018465,0.15005,-0.14622,0.15183,-0.040085,-0.10723,0.27162,0.13539,-0.32166,-0.11905,-0.031347,-0.1461,-0.18594,0.1701,-0.36711,0.24287,0.3544,-0.50334,-0.15708,0.40105,-0.5141,0.037631,-0.4751,0.16939,-0.084368,-0.47184,0.1539,0.20315,-0.49477,-0.16007,-0.13617,-0.51744,-0.21941,0.17326,-0.89808,-0.02302,-0.15027,-0.91519,-0.036748
99,0.019416,0.17271,-0.14074,0.15261,-0.019822,-0.10293,0.27232,0.16065,-0.3123,-0.11884,-0.011871,-0.14199,-0.18501,0.19397,-0.36147,0.24501,0.37794,-0.49254,-0.15702,0.42384,-0.50496,0.03688,-0.45914,0.16975,-0.084417,-0.45601,0.15449,0.20297,-0.49186,-0.1579,-0.13587,-0.51356,-0.21701,0.17412,-0.89678,-0.023847,-0.15036,-0.91431,-0.035941
100,0.020303,0.19605,-0.13521,0.15334,0.000755,-0.098679,0.27286,0.18579,-0.30377,-0.11849,0.008736,-0.13783,-0.18424,0.21705,-0.35474,0.24676,0.40354,-0.48173,-0.15745,0.45026,-0.49672,0.036195,-0.44361,0.17001,-0.084449,-0.44064,0.15487,0.20229,-0.48849,-0.15521,-0.1358,-0.50943,-0.21448,0.17489,-0.89557,-0.024619,-0.15055,-0.91386,-0.03523
101,0.021037,0.21893,-0.13001,0.15385,0.024905,-0.095846,0.2733,0.21207,-0.29479,-0.11805,0.030355,-0.13437,-0.1835,0.24046,-0.34743,0.24819,0.42925,-0.4713,-0.15812,0.47449,-0.48867,0.035842,-0.42703,0.17002,-0.084429,-0.42475,0.15488,0.20105,-0.48495,-0.15231,-0.13594,-0.50441,-0.21199,0.17549,-0.89422,-0.025159,-0.15081,-0.91331,-0.034912
102,0.021702,0.24248,-0.12504,0.15426,0.047872,-0.09316,0.27365,0.2391,-0.28513,-0.11785,0.051459,-0.13107,-0.18297,0.26397,-0.34012,0.24959,0.45542,-0.46043,-0.15888,0.50319,-0.47952,0.035657,-0.40852,0.17,-0.084476,-0.40566,0.15488,0.19949,-0.48126,-0.14936,-0.13619,-0.49854,-0.20894,0.17605,-0.89289,-0.025547,-0.15098,-0.91279,-0.034582
103,0.022398,0.26666,-0.12004,0.15448,0.07083,-0.090248,0.27405,0.26559,-0.27629,-0.11762,0.074297,-0.128,-0.18263,0.28835,-0.3329,0.25073,0.4832,-0.44951,-0.15959,0.52531,-0.47115,0.035389,-0.38914,0.16998,-0.084606,-0.38622,0.15487,0.19763,-0.47715,-0.14636,-0.13651,-0.49202,-0.20513,0.17659,-0.89133,-0.025576,-0.15139,-0.91256,-0.034563
104,0.022892,0.29063,-0.11537,0.15467,0.095875,-0.087394,0.27454,0.29086,-0.26867,-0.11696,0.09807,-0.12508,-0.18255,0.3122,-0.32548,0.25165,0.50793,-0.43765,-0.16045,0.55203,-0.46137,0.034998,-0.36985,0.16982,-0.084716,-0.36701,0.15454,0.19534,-0.47225,-0.1433,-0.13686,-0.48523,-0.20097,0.17678,-0.88999,-0.025559,-0.15175,-0.91231,-0.034594
105,0.023157,0.31515,-0.11102,0.15495,0.11951,-0.085041,0.27506,0.31707,-0.26095,-0.11613,0.12145,-0.12242,-0.18283,0.33788,-0.3184,0.25235,0.53356,-0.42508,-0.16124,0.57542,-0.45312,0.034511,-0.3502,0.16937,-0.085017,-0.34749,0.15412,0.19292,-0.46754,-0.1401,-0.1375,-0.47703,-0.19632,0.17688,-0.8887,-0.025552,-0.15223,-0.91206,-0.035129
106,0.023435,0.33977,-0.10694,0.15524,0.14519,-0.082366,0.27632,0.34404,-0.25489,-0.11532,0.14582,-0.11964,-0.18298,0.3637,-0.31201,0.25273,0.55909,-0.41403,-0.16265,0.60484,-0.44533,0.034437,-0.33032,0.16851,-0.085319,-0.32768,0.15334,0.19014,-0.4627,-0.13639,-0.13841,-0.46887,-0.19151,0.17694,-0.88776,-0.025546,-0.15266,-0.91172,-0.035759
107,0.023655,0.36504,-0.10262,0.1559,0.16862,-0.079714,0.2787,0.3733,-0.24917,-0.11476,0.1683,-0.11703,-0.18346,0.38828,-0.30525,0.25273,0.5857,-0.4048,-0.16406,0.63219,-0.4384,0.034242,-0.31083,0.16708,-0.085484,-0.30788,0.15242,0.18681,-0.45618,-0.13218,-0.13961,-0.46019,-0.18628,0.17707,-0.88678,-0.025304,-0.15276,-0.91115,-0.035768
108,0.023653,0.39005,-0.098493,0.1566,0.19214,-0.077223,0.2792,0.3968,-0.24357,-0.11439,0.19009,-0.11447,-0.18406,0.41343,-0.29806,0.25228,0.61348,-0.39563,-0.16568,0.65833,-0.43057,0.034011,-0.29021,0.16572,-0.085573,-0.28728,0.15148,0.1833,-0.44902,-0.12767,-0.14087,-0.45147,-0.18076,0.17704,-0.88508,-0.024931,-0.15278,-0.91015,-0.035769
109,0.023577,0.41258,-0.094036,0.15748,0.21649,-0.074723,0.27965,0.42113,-0.23785,-0.11458,0.21055,-0.11192,-0.1849,0.43662,-0.29065,0.25201,0.63783,-0.38715,-0.16747,0.68382,-0.42208,0.033779,-0.26937,0.16465,-0.085325,-0.26735,0.15047,0.18022,-0.4425,-0.1237,-0.14228,-0.44122,-0.17414,0.17691,-0.88342,-0.02455,-0.15279,-0.90768,-0.036171
110,0.023402,0.4357,-0.08943,0.15841,0.23846,-0.072135,0.2795,0.44332,-0.23438,-0.11478,0.23461,-0.10961,-0.18514,0.46201,-0.28386,0.25199,0.66415,-0.37945,-0.1692,0.7107,-0.41361,0.033769,-0.24815,0.16279,-0.085232,-0.24485,0.14886,0.17662,-0.432,-0.11894,-0.14349,-0.43112,-0.16651,0.1768,-0.8812,-0.024233,-0.15313,-0.90394,-0.036627
111,0.022927,0.45699,-0.08375,0.15894,0.26106,-0.06955,0.27936,0.46961,-0.22902,-0.11456,0.25735,-0.10742,-0.18534,0.48753,-0.27768,0.25196,0.69052,-0.37132,-0.17087,0.73598,-0.40623,0.033769,-0.2292,0.16072,-0.085046,-0.22636,0.14717,0.17323,-0.42139,-0.11391,-0.14455,-0.42155,-0.15882,0.17528,-0.87267,-0.024107,-0.15379,-0.89975,-0.03728
112,0.022458,0.47751,-0.078132,0.15954,0.28462,-0.067227,0.27911,0.49557,-0.2249,-0.11442,0.27819,-0.10573,-0.18563,0.51237,-0.27183,0.25209,0.71555,-0.36389,-0.17245,0.76171,-0.39877,0.033824,-0.21013,0.15842,-0.084878,-0.20745,0.14516,0.17,-0.41087,-0.10859,-0.14522,-0.41202,-0.15109,0.17365,-0.86286,-0.023809,-0.15475,-0.89503,-0.03796
113,0.021947,0.49567,-0.072271,0.1604,0.30408,-0.065286,0.2788,0.52045,-0.221,-0.11465,0.29779,-0.10412,-0.18637,0.53549,-0.26641,0.25227,0.73862,-0.35735,-0.17392,0.78405,-0.39216,0.0339,-0.19135,0.15648,-0.084717,-0.18883,0.14323,0.16653,-0.39957,-0.10207,-0.14593,-0.39965,-0.14263,0.17196,-0.85277,-0.023548,-0.15577,-0.88727,-0.038918
114,0.021368,0.51061,-0.065341,0.16113,0.32833,-0.063214,0.27856,0.5478,-0.21811,-0.11447,0.31598,-0.10303,-0.18664,0.55648,-0.26082,0.25272,0.76239,-0.35121,-0.1753,0.80717,-0.38495,0.034101,-0.17283,0.15408,-0.084208,-0.17142,0.14099,0.16284,-0.38735,-0.094712,-0.14663,-0.3884,-0.13427,0.1703,-0.84269,-0.023376,-0.15696,-0.87899,-0.039522
115,0.020683,0.52469,-0.058312,0.16178,0.35044,-0.061486,0.27828,0.57268,-0.2147,-0.11349,0.33382,-0.10206,-0.18682,0.57738,-0.25466,0.25319,0.7849,-0.34471,-0.17684,0.82359,-0.37714,0.033914,-0.15414,0.15113,-0.083591,-0.15368,0.13781,0.15932,-0.37506,-0.087332,-0.14747,-0.37446,-0.12421,0.16688,-0.823,-0.022474,-0.15812,-0.86758,-0.040047
116,0.019986,0.53904,-0.051523,0.16201,0.37261,-0.059963,0.27781,0.59736,-0.21135,-0.11241,0.35353,-0.10146,-0.18688,0.6005,-0.24876,0.25368,0.8082,-0.33862,-0.17827,0.84147,-0.36853,0.033055,-0.13536,0.14765,-0.083111,-0.13539,0.1341,0.15599,-0.36379,-0.079723,-0.14799,-0.36297,-0.11433,0.16277,-0.80184,-0.021428,-0.15934,-0.8582,-0.040149
117,0.019286,0.55094,-0.044664,0.16226,0.3935,-0.05848,0.27741,0.62173,-0.20825,-0.11277,0.37242,-0.10085,-0.18654,0.62137,-0.24299,0.25382,0.82801,-0.33236,-0.17883,0.86462,-0.36179,0.032227,-0.11862,0.14428,-0.082656,-0.11909,0.13058,0.15262,-0.35264,-0.071764,-0.14814,-0.3523,-0.10386,0.1587,-0.78121,-0.020332,-0.16025,-0.84949,-0.040225
118,0.018714,0.56266,-0.038072,0.16253,0.41377,-0.056948,0.2752,0.64538,-0.20488,-0.1132,0.39081,-0.10042,-0.18569,0.64214,-0.23777,0.25376,0.84987,-0.32472,-0.17941,0.88385,-0.35482,0.031519,-0.10282,0.14087,-0.082043,-0.1032,0.12715,0.14893,-0.34085,-0.063241,-0.14808,-0.34369,-0.093886,0.15461,-0.76058,-0.019061,-0.16117,-0.84238,-0.040226
119,0.018158,0.57162,-0.031381,0.16261,0.42907,-0.055541,0.27286,0.66832,-0.20117,-0.11317,0.40204,-0.099514,-0.18489,0.65892,-0.23162,0.25348,0.86882,-0.31674,-0.18002,0.90174,-0.34764,0.03077,-0.090176,0.13832,-0.081145,-0.091989,0.12439,0.14574,-0.33361,-0.055653,-0.14704,-0.33683,-0.084227,0.15038,-0.74055,-0.017395,-0.16201,-0.8367,-0.040041
120,0.017732,0.57967,-0.025812,0.16284,0.44331,-0.054228,0.27174,0.68466,-0.19644,-0.11239,0.41315,-0.098455,-0.1841,0.67342,-0.22478,0.2534,0.88788,-0.30908,-0.18035,0.91857,-0.3387,0.03099,-0.078874,0.13609,-0.08028,-0.081394,0.12173,0.14219,-0.32694,-0.048276,-0.14578,-0.3308,-0.07524,0.14592,-0.7256,-0.012769,-0.16264,-0.83169,-0.039815
121,0.017373,0.58571,-0.020403,0.1629,0.45494,-0.053219,0.27046,0.69974,-0.19087,-0.11195,0.4251,-0.097382,-0.18368,0.68655,-0.21777,0.25315,0.90704,-0.30143,-0.18077,0.9348,-0.33005,0.031166,-0.069962,0.13399,-0.079461,-0.072546,0.11939,0.13812,-0.32123,-0.040989,-0.14411,-0.32551,-0.066685,0.14164,-0.71247,-0.008141,-0.16302,-0.82722,-0.03905
122,0.016979,0.59204,-0.015333,0.16295,0.4663,-0.052187,0.26998,0.71351,-0.1851,-0.11224,0.43604,-0.096298,-0.18371,0.7009,-0.211,0.25277,0.92512,-0.29408,-0.18111,0.94971,-0.32193,0.031347,-0.062314,0.13182,-0.078846,-0.064975,0.11734,0.13444,-0.31762,-0.035454,-0.1424,-0.32081,-0.058476,0.13714,-0.69934,-0.002605,-0.16338,-0.82722,-0.037932
123,0.016862,0.60114,-0.011432,0.16309,0.47181,-0.051347,0.26944,0.72268,-0.17866,-0.11264,0.44709,-0.094888,-0.18406,0.71408,-0.20476,0.25216,0.94105,-0.2869,-0.181,0.96375,-0.31417,0.032366,-0.056469,0.1249,-0.07793,-0.057995,0.11203,0.13097,-0.31549,-0.031798,-0.14067,-0.31704,-0.051252,0.13262,-0.6864,0.003034,-0.16343,-0.82333,-0.037352
124,0.017193,0.6127,-0.007566,0.16339,0.47726,-0.050194,0.26893,0.73085,-0.17253,-0.11331,0.45658,-0.093791,-0.18453,0.72453,-0.19921,0.25206,0.95296,-0.27997,-0.18073,0.97676,-0.30647,0.03467,-0.052441,0.10927,-0.07623,-0.05277,0.096207,0.12779,-0.31407,-0.029547,-0.13893,-0.31479,-0.047246,0.12978,-0.68303,0.008245,-0.16372,-0.82333,-0.035872
125,0.018084,0.63319,-0.003911,0.16496,0.48909,-0.047313,0.26872,0.73927,-0.16651,-0.11434,0.47243,-0.089013,-0.18499,0.73334,-0.19365,0.252,0.96294,-0.27274,-0.17909,0.99231,-0.29778,0.037241,-0.041332,0.092551,-0.074486,-0.040461,0.079726,0.12462,-0.31341,-0.028715,-0.13617,-0.31256,-0.043939,0.1259,-0.68109,0.016483,-0.16402,-0.82333,-0.034151
126,0.019306,0.65368,-0.000446,0.16654,0.50081,-0.044346,0.26827,0.74606,-0.16107,-0.11675,0.48818,-0.083976,-0.18666,0.74211,-0.18854,0.25203,0.97105,-0.26576,-0.17729,1.0016,-0.28898,0.039817,-0.030343,0.075746,-0.072723,-0.028241,0.063276,0.1218,-0.31325,-0.028951,-0.13309,-0.31061,-0.04261,0.12197,-0.67937,0.02499,-0.16412,-0.82009,-0.032997
127,0.020825,0.67411,0.002688,0.1681,0.51166,-0.041397,0.2681,0.75146,-0.15585,-0.11913,0.50391,-0.079236,-0.18763,0.7503,-0.18425,0.25249,0.97654,-0.25832,-0.17556,1.01,-0.28119,0.042475,-0.019621,0.058809,-0.071054,-0.016324,0.046643,0.11927,-0.31311,-0.029162,-0.12992,-0.31062,-0.042302,0.11809,-0.67742,0.033505,-0.16431,-0.82003,-0.032364
128,0.022428,0.69419,0.005622,0.16969,0.52188,-0.038427,0.2681,0.75543,-0.15125,-0.11945,0.51509,-0.075356,-0.18794,0.75815,-0.18058,0.25291,0.98141,-0.25135,-0.17406,1.018,-0.27397,0.045892,-0.009308,0.0416,-0.069434,-0.00475,0.029704,0.11716,-0.31311,-0.029338,-0.12738,-0.31125,-0.04209,0.11434,-0.67541,0.041456,-0.16454,-0.82013,-0.032245
129,0.024075,0.71439,0.008496,0.17133,0.53193,-0.035302,0.26832,0.75904,-0.14728,-0.1218,0.53018,-0.070916,-0.18863,0.76502,-0.17766,0.2533,0.98147,-0.24513,-0.17303,1.023,-0.26937,0.049355,0.00088,0.024074,-0.067662,0.006509,0.012504,0.11548,-0.31334,-0.029533,-0.12498,-0.31175,-0.04189,0.11209,-0.67424,0.046565,-0.16539,-0.83033,-0.03141
130,0.025718,0.73431,0.011136,0.17302,0.54187,-0.03206,0.26885,0.76226,-0.14397,-0.12372,0.54507,-0.066501,-0.18982,0.77116,-0.17519,0.2532,0.98424,-0.23904,-0.17225,1.028,-0.26481,0.052907,0.010927,0.006185,-0.065811,0.017531,-0.004983,0.11447,-0.31433,-0.030782,-0.12306,-0.31212,-0.04173,0.10995,-0.67339,0.051433,-0.16549,-0.83054,-0.031368
131,0.027316,0.75373,0.013771,0.17482,0.55157,-0.028608,0.26964,0.76527,-0.14118,-0.12543,0.5582,-0.062053,-0.19142,0.77545,-0.1729,0.25295,0.98776,-0.23328,-0.17187,1.0329,-0.26036,0.056474,0.020708,-0.011777,-0.063897,0.028068,-0.022751,0.11384,-0.31533,-0.032553,-0.12127,-0.31116,-0.042406,0.10794,-0.67269,0.055351,-0.16565,-0.82927,-0.031331
132,0.028738,0.77,0.016366,0.17663,0.56126,-0.025079,0.27087,0.76783,-0.13884,-0.12654,0.57022,-0.057575,-0.19298,0.77809,-0.17084,0.25355,0.99035,-0.22823,-0.17223,1.0373,-0.25662,0.0583,0.030382,-0.025113,-0.062226,0.038371,-0.03736,0.11359,-0.31638,-0.03496,-0.11951,-0.31021,-0.043338,0.10765,-0.6727,0.055685,-0.16594,-0.82803,-0.031356
133,0.02993,0.78231,0.018774,0.17836,0.57075,-0.021674,0.27238,0.76981,-0.13649,-0.12746,0.58193,-0.053391,-0.19479,0.78003,-0.16869,0.25435,0.99233,-0.22405,-0.17245,1.0419,-0.25402,0.05895,0.039687,-0.029241,-0.061464,0.047645,-0.040634,0.11344,-0.31711,-0.037997,-0.11768,-0.30933,-0.045324,0.10618,-0.67263,0.058056,-0.16618,-0.82686,-0.031584
134,0.030702,0.78231,0.021168,0.1789,0.57075,-0.020428,0.27324,0.76981,-0.13448,-0.12766,0.58193,-0.052762,-0.19578,0.78003,-0.16687,0.25538,0.99398,-0.2211,-0.17245,1.0419,-0.25402,0.059462,0.039687,-0.031549,-0.060839,0.047645,-0.042694,0.1137,-0.31766,-0.041085,-0.11702,-0.30933,-0.048366,0.10486,-0.67263,0.060588,-0.16637,-0.82562,-0.032017
135,0.03142,0.78231,0.023386,0.17946,0.57075,-0.019192,0.27442,0.76981,-0.13219,-0.12779,0.58193,-0.052177,-0.19684,0.78003,-0.1659,0.25662,0.99518,-0.21991,-0.17245,1.0419,-0.25402,0.059996,0.039687,-0.033992,-0.060652,0.047645,-0.04493,0.1138,-0.31814,-0.043743,-0.11657,-0.30933,-0.05109,0.10462,-0.6728,0.061672,-0.16642,-0.82454,-0.032827
136,0.03189,0.78231,0.025528,0.18005,0.57075,-0.01787,0.27615,0.76981,-0.13054,-0.12797,0.58193,-0.051528,-0.19833,0.78003,-0.16492,0.25719,0.99357,-0.21987,-0.17315,1.0419,-0.25408,0.06028,0.039687,-0.036415,-0.060481,0.047645,-0.046976,0.11393,-0.31875,-0.045684,-0.11618,-0.30933,-0.053024,0.10462,-0.6728,0.061672,-0.16667,-0.82384,-0.033902
137,0.032264,0.78157,0.027423,0.18067,0.56965,-0.016496,0.2789,0.76811,-0.12966,-0.1284,0.58056,-0.050407,-0.20061,0.77751,-0.16475,0.25777,0.98987,-0.21982,-0.17785,1.0392,-0.25462,0.060931,0.038662,-0.038566,-0.059804,0.046454,-0.048744,0.11418,-0.31977,-0.047257,-0.11568,-0.31041,-0.054812,0.10443,-0.67325,0.062222,-0.16605,-0.81554,-0.034184
138,0.032586,0.78081,0.02905,0.18132,0.56819,-0.015184,0.283,0.76533,-0.12932,-0.12901,0.57861,-0.049038,-0.20479,0.77313,-0.16465,0.25905,0.98615,-0.21971,-0.18261,1.0345,-0.25731,0.061676,0.037414,-0.040354,-0.059113,0.044946,-0.050166,0.11436,-0.3211,-0.048529,-0.11512,-0.31181,-0.055664,0.10439,-0.67385,0.062492,-0.16613,-0.81767,-0.033663
139,0.032859,0.77984,0.030559,0.18203,0.56634,-0.013695,0.28942,0.75927,-0.12878,-0.12982,0.57579,-0.047239,-0.21099,0.76452,-0.16466,0.26159,0.9861,-0.222,-0.18881,1.0277,-0.26056,0.062336,0.035913,-0.041617,-0.05851,0.043013,-0.051071,0.11463,-0.32264,-0.049327,-0.1147,-0.31363,-0.056261,0.10424,-0.67499,0.062479,-0.16581,-0.81767,-0.033688
140,0.033081,0.77894,0.032013,0.18284,0.56387,-0.012092,0.29686,0.75173,-0.12693,-0.1309,0.57232,-0.045093,-0.21843,0.75384,-0.16453,0.26808,0.97877,-0.22519,-0.19752,1.0136,-0.26592,0.062891,0.033998,-0.042587,-0.058094,0.040895,-0.051652,0.11497,-0.32453,-0.049862,-0.11433,-0.31566,-0.056723,0.10404,-0.67646,0.06257,-0.16565,-0.81767,-0.033674
